configurations_reference_scaling =

 Columns 1 through 20:

  -1.710505  -1.681757  -1.653009  -1.624261  -1.595513  -1.566765  -1.538017  -1.509269  -1.480521  -1.451773  -1.423025  -1.394277  -1.365529  -1.336781  -1.308033  -1.279285  -1.250537  -1.221789  -1.193041  -1.164293

 Columns 21 through 40:

  -1.135545  -1.106797  -1.078049  -1.049301  -1.020553  -0.991805  -0.963057  -0.934309  -0.905561  -0.876813  -0.848065  -0.819317  -0.790569  -0.761821  -0.733073  -0.704325  -0.675578  -0.646830  -0.618082  -0.589334

 Columns 41 through 60:

  -0.560586  -0.531838  -0.503090  -0.474342  -0.445594  -0.416846  -0.388098  -0.359350  -0.330602  -0.301854  -0.273106  -0.244358  -0.215610  -0.186862  -0.158114  -0.129366  -0.100618  -0.071870  -0.043122  -0.014374

 Columns 61 through 80:

   0.014374   0.043122   0.071870   0.100618   0.129366   0.158114   0.186862   0.215610   0.244358   0.273106   0.301854   0.330602   0.359350   0.388098   0.416846   0.445594   0.474342   0.503090   0.531838   0.560586

 Columns 81 through 100:

   0.589334   0.618082   0.646830   0.675578   0.704325   0.733073   0.761821   0.790569   0.819317   0.848065   0.876813   0.905561   0.934309   0.963057   0.991805   1.020553   1.049301   1.078049   1.106797   1.135545

 Columns 101 through 120:

   1.164293   1.193041   1.221789   1.250537   1.279285   1.308033   1.336781   1.365529   1.394277   1.423025   1.451773   1.480521   1.509269   1.538017   1.566765   1.595513   1.624261   1.653009   1.681757   1.710505

